repository,forks,diskUsage_KB,stargazers,watchers,issues,commits,pullRequests,updatedAt,projects,status,ahead_by,behind_by
erpragatisingh-AndroidDeveloper/android-AppRestrictionEnforcer,0,264,0,1,0,5,0,2015-01-12T06:04:23Z,0,behind,0,20
martinmenardca/android-AppRestrictionEnforcer,0,244,0,0,0,6,0,2015-01-23T18:43:32Z,0,behind,0,19
gautamMayank/android-AppRestrictionEnforcer,0,244,0,1,0,6,0,2015-02-02T15:33:37Z,0,behind,0,19
bijenprofessional/android-AppRestrictionEnforcer,0,257,0,1,0,10,0,2015-06-19T05:42:53Z,0,behind,0,15
403016605/android-AppRestrictionEnforcer,0,257,0,1,0,10,0,2015-06-24T14:19:20Z,0,behind,0,15
ioops/android-AppRestrictionEnforcer,0,263,0,1,0,13,0,2015-09-06T07:23:23Z,0,behind,0,12
kleopatra999/android-AppRestrictionEnforcer,0,130,0,1,0,18,0,2016-06-01T00:01:59Z,0,behind,0,7
MaTriXy/android-AppRestrictionEnforcer,0,130,0,0,0,18,0,2016-06-03T15:44:56Z,0,behind,0,7
agentraymond232/android-AppRestrictionEnforcer,0,126,0,1,0,19,0,2016-08-17T17:18:03Z,0,behind,0,6
paladinstha/android-AppRestrictionEnforcer,0,126,0,0,0,19,0,2016-08-22T06:02:26Z,0,behind,0,6
PhoeBe-NanMu/android-AppRestrictionEnforcer,0,126,0,1,0,19,0,2016-09-09T04:31:23Z,0,behind,0,6
chefer/android-AppRestrictionEnforcer,0,126,0,1,0,19,0,2016-09-30T16:38:57Z,0,behind,0,6
bahadirby/android-AppRestrictionEnforcer,0,126,0,1,0,19,0,2016-10-24T17:19:11Z,0,behind,0,6
gonzalonm/android-AppRestrictionEnforcer,0,126,0,1,0,19,0,2016-10-28T15:42:27Z,0,behind,0,6
elOtta1223/android-AppRestrictionEnforcer,0,126,1,1,0,19,0,2016-11-11T16:53:44Z,0,behind,0,6
pk-codebox-evo/android-apps-android-AppRestrictionEnforcer,0,122,0,1,0,20,0,2017-01-23T06:53:44Z,0,behind,0,5
nonsensecreativity/android-AppRestrictionEnforcer,0,301,0,1,0,23,0,2017-08-07T21:05:02Z,0,behind,0,2
edymaradona/android-AppRestrictionEnforcer,0,302,0,0,0,24,0,2017-12-16T19:57:33Z,0,behind,0,1
Gougzilla/android-AppRestrictionEnforcer,0,302,0,0,0,24,0,2018-01-18T21:05:40Z,0,behind,0,1
hncz003/android-AppRestrictionEnforcer,0,302,0,0,0,24,0,2018-01-27T09:45:56Z,0,behind,0,1
suigumu/android-AppRestrictionEnforcer,0,302,0,0,0,24,0,2018-02-09T17:28:11Z,0,behind,0,1
anthrax3/android-AppRestrictionEnforcer,0,302,0,1,0,25,0,2018-03-05T02:20:20Z,0,identical,0,0
software231/android-AppRestrictionEnforcer,0,302,0,1,0,25,0,2018-04-12T04:55:36Z,0,identical,0,0
mum6ojum6o/android-AppRestrictionEnforcer,0,302,0,1,0,25,0,2018-05-26T05:58:18Z,0,identical,0,0
forkfromgoogle/android-AppRestrictionEnforcer,0,302,0,1,0,25,0,2018-07-19T13:06:07Z,0,identical,0,0
